2.51  3.3 3.63
 5.02  3.3 4.15
 7.53  3.3 4.06
10.04  3.3 5.13
12.55  3.3 3.04
15.06  3.3 4.48
17.57  3.3 4.75
20.08  3.3 4.04
22.59  3.3 4.14
25.10  3.3 4.00
27.61  3.3 4.37
30.12  3.3 4.02
32.63  3.3 4.58
35.14  3.3 3.92
37.65  3.3 3.64
40.16  3.3 3.66
42.67  3.3 3.57
45.18  3.3 3.51
47.69  3.3 4.27
50.20  3.3 3.72
52.71  3.3 3.36
55.22  3.3 3.17
57.73  3.3 2.97
60.24  3.3 4.23
62.75  3.3 4.53
 2.51  6.6 4.07
 5.02  6.6 4.21
 7.53  6.6 4.15
10.04  6.6 4.64
12.55  6.6 4.03
15.06  6.6 3.74
17.57  6.6 4.56
20.08  6.6 4.27
22.59  6.6 4.03
25.10  6.6 4.50
27.61  6.6 3.97
30.12  6.6 4.19
32.63  6.6 4.05
35.14  6.6 3.97
37.65  6.6 3.61
40.16  6.6 3.82
42.67  6.6 3.44
45.18  6.6 3.92
47.69  6.6 4.26
50.20  6.6 4.36
52.71  6.6 3.69
55.22  6.6 3.53
57.73  6.6 3.14
60.24  6.6 4.09
62.75  6.6 3.94
 2.51  9.9 4.51
 5.02  9.9 4.29
 7.53  9.9 4.40
10.04  9.9 4.69
12.55  9.9 3.77
15.06  9.9 4.46
17.57  9.9 4.76
20.08  9.9 3.76
22.59  9.9 3.30
25.10  9.9 3.67
27.61  9.9 3.94
30.12  9.9 4.07
32.63  9.9 3.73
35.14  9.9 4.58
37.65  9.9 3.64
40.16  9.9 4.07
42.67  9.9 3.44
45.18  9.9 3.53
47.69  9.9 4.20
50.20  9.9 4.31
52.71  9.9 4.03
55.22  9.9 3.66
57.73  9.9 3.59
60.24  9.9 3.97
62.75  9.9 4.38
 2.51 13.2 3.90
 5.02 13.2 4.64
 7.53 13.2 4.05
10.04 13.2 4.04
12.55 13.2 3.49
15.06 13.2 3.91
17.57 13.2 4.52
20.08 13.2 4.52
22.59 13.2 3.05
25.10 13.2 4.59
27.61 13.2 4.01
30.12 13.2 3.34
32.63 13.2 4.06
35.14 13.2 3.19
37.65 13.2 3.75
40.16 13.2 4.54
42.67 13.2 3.97
45.18 13.2 3.77
47.69 13.2 4.30
50.20 13.2 4.10
52.71 13.2 3.81
55.22 13.2 3.89
57.73 13.2 3.32
60.24 13.2 3.46
62.75 13.2 3.64
 2.51 16.5 3.63
 5.02 16.5 4.27
 7.53 16.5 4.92
10.04 16.5 4.64
12.55 16.5 3.76
15.06 16.5 4.10
17.57 16.5 4.40
20.08 16.5 4.17
22.59 16.5 3.67
25.10 16.5 5.07
27.61 16.5 3.83
30.12 16.5 3.63
32.63 16.5 3.74
35.14 16.5 4.14
37.65 16.5 3.70
40.16 16.5 3.92
42.67 16.5 3.79
45.18 16.5 4.29
47.69 16.5 4.22
50.20 16.5 3.74
52.71 16.5 3.55
55.22 16.5 3.67
57.73 16.5 3.57
60.24 16.5 3.96
62.75 16.5 4.31
 2.51 19.8 3.16
 5.02 19.8 3.55
 7.53 19.8 4.08
10.04 19.8 4.73
12.55 19.8 3.61
15.06 19.8 3.66
17.57 19.8 4.39
20.08 19.8 3.84
22.59 19.8 4.26
25.10 19.8 4.36
27.61 19.8 3.79
30.12 19.8 4.09
32.63 19.8 3.72
35.14 19.8 3.76
37.65 19.8 3.37
40.16 19.8 4.01
42.67 19.8 3.87
45.18 19.8 4.35
47.69 19.8 4.24
50.20 19.8 3.58
52.71 19.8 4.20
55.22 19.8 3.94
57.73 19.8 4.24
60.24 19.8 3.75
62.75 19.8 4.29
 2.51 23.1 3.18
 5.02 23.1 3.50
 7.53 23.1 4.23
10.04 23.1 4.39
12.55 23.1 3.28
15.06 23.1 3.56
17.57 23.1 4.94
20.08 23.1 4.06
22.59 23.1 4.32
25.10 23.1 4.86
27.61 23.1 3.96
30.12 23.1 3.74
32.63 23.1 4.33
35.14 23.1 3.77
37.65 23.1 3.71
40.16 23.1 4.59
42.67 23.1 3.97
45.18 23.1 4.38
47.69 23.1 3.81
50.20 23.1 4.06
52.71 23.1 3.42
55.22 23.1 3.05
57.73 23.1 3.44
60.24 23.1 2.78
62.75 23.1 3.44
 2.51 26.4 3.42
 5.02 26.4 3.35
 7.53 26.4 4.07
10.04 26.4 4.66
12.55 26.4 3.72
15.06 26.4 3.84
17.57 26.4 4.44
20.08 26.4 3.40
22.59 26.4 4.07
25.10 26.4 4.93
27.61 26.4 3.93
30.12 26.4 3.04
32.63 26.4 3.72
35.14 26.4 3.93
37.65 26.4 3.71
40.16 26.4 4.76
42.67 26.4 3.83
45.18 26.4 3.71
47.69 26.4 3.54
50.20 26.4 3.66
52.71 26.4 3.95
55.22 26.4 3.84
57.73 26.4 3.76
60.24 26.4 3.47
62.75 26.4 4.24
 2.51 29.7 3.97
 5.02 29.7 3.61
 7.53 29.7 4.67
10.04 29.7 4.49
12.55 29.7 3.75
15.06 29.7 4.11
17.57 29.7 4.64
20.08 29.7 2.99
22.59 29.7 4.37
25.10 29.7 5.02
27.61 29.7 3.56
30.12 29.7 3.59
32.63 29.7 4.05
35.14 29.7 3.96
37.65 29.7 3.75
40.16 29.7 4.73
42.67 29.7 4.24
45.18 29.7 4.21
47.69 29.7 3.85
50.20 29.7 4.41
52.71 29.7 4.21
55.22 29.7 3.63
57.73 29.7 4.17
60.24 29.7 3.44
62.75 29.7 4.55
 2.51 33.0 3.40
 5.02 33.0 3.71
 7.53 33.0 4.27
10.04 33.0 4.42
12.55 33.0 4.13
15.06 33.0 4.20
17.57 33.0 4.66
20.08 33.0 3.61
22.59 33.0 3.99
25.10 33.0 4.44
27.61 33.0 3.86
30.12 33.0 3.99
32.63 33.0 3.37
35.14 33.0 3.47
37.65 33.0 3.09
40.16 33.0 4.20
42.67 33.0 4.09
45.18 33.0 4.07
47.69 33.0 4.09
50.20 33.0 3.95
52.71 33.0 4.08
55.22 33.0 4.03
57.73 33.0 3.97
60.24 33.0 2.84
62.75 33.0 3.91
 2.51 36.3 3.39
 5.02 36.3 3.64
 7.53 36.3 3.84
10.04 36.3 4.51
12.55 36.3 4.01
15.06 36.3 4.21
17.57 36.3 4.77
20.08 36.3 3.95
22.59 36.3 4.17
25.10 36.3 4.39
27.61 36.3 4.17
30.12 36.3 4.17
32.63 36.3 4.09
35.14 36.3 3.29
37.65 36.3 3.37
40.16 36.3 3.74
42.67 36.3 3.41
45.18 36.3 3.86
47.69 36.3 4.36
50.20 36.3 4.54
52.71 36.3 4.24
55.22 36.3 4.08
57.73 36.3 3.89
60.24 36.3 3.47
62.75 36.3 3.29
 2.51 39.6 4.43
 5.02 39.6 3.70
 7.53 39.6 3.82
10.04 39.6 4.45
12.55 39.6 3.59
15.06 39.6 4.37
17.57 39.6 4.45
20.08 39.6 4.08
22.59 39.6 3.72
25.10 39.6 4.56
27.61 39.6 4.10
30.12 39.6 3.07
32.63 39.6 3.99
35.14 39.6 3.14
37.65 39.6 4.86
40.16 39.6 4.36
42.67 39.6 3.51
45.18 39.6 3.47
47.69 39.6 3.94
50.20 39.6 4.47
52.71 39.6 4.11
55.22 39.6 3.97
57.73 39.6 4.07
60.24 39.6 3.56
62.75 39.6 3.83
 2.51 42.9 4.52
 5.02 42.9 3.79
 7.53 42.9 4.41
10.04 42.9 4.57
12.55 42.9 3.94
15.06 42.9 4.47
17.57 42.9 4.42
20.08 42.9 3.92
22.59 42.9 3.86
25.10 42.9 4.77
27.61 42.9 4.99
30.12 42.9 3.91
32.63 42.9 4.09
35.14 42.9 3.05
37.65 42.9 3.39
40.16 42.9 3.60
42.67 42.9 4.13
45.18 42.9 3.89
47.69 42.9 3.67
50.20 42.9 4.54
52.71 42.9 4.11
55.22 42.9 4.58
57.73 42.9 4.02
60.24 42.9 3.93
62.75 42.9 4.33
 2.51 46.2 4.46
 5.02 46.2 4.09
 7.53 46.2 4.39
10.04 46.2 4.31
12.55 46.2 4.29
15.06 46.2 4.47
17.57 46.2 4.37
20.08 46.2 3.44
22.59 46.2 3.82
25.10 46.2 4.63
27.61 46.2 4.36
30.12 46.2 3.79
32.63 46.2 3.56
35.14 46.2 3.29
37.65 46.2 3.64
40.16 46.2 3.60
42.67 46.2 3.19
45.18 46.2 3.80
47.69 46.2 3.72
50.20 46.2 3.91
52.71 46.2 3.35
55.22 46.2 4.11
57.73 46.2 4.39
60.24 46.2 3.47
62.75 46.2 3.93
 2.51 49.5 3.46
 5.02 49.5 4.42
 7.53 49.5 4.29
10.04 49.5 4.08
12.55 49.5 3.96
15.06 49.5 3.96
17.57 49.5 3.89
20.08 49.5 4.11
22.59 49.5 3.73
25.10 49.5 4.03
27.61 49.5 4.09
30.12 49.5 3.82
32.63 49.5 3.57
35.14 49.5 3.43
37.65 49.5 3.73
40.16 49.5 3.39
42.67 49.5 3.08
45.18 49.5 3.48
47.69 49.5 3.05
50.20 49.5 3.65
52.71 49.5 3.71
55.22 49.5 3.25
57.73 49.5 3.69
60.24 49.5 3.43
62.75 49.5 3.38
 2.51 52.8 5.13
 5.02 52.8 3.89
 7.53 52.8 4.26
10.04 52.8 4.32
12.55 52.8 3.78
15.06 52.8 3.54
17.57 52.8 4.27
20.08 52.8 4.12
22.59 52.8 4.13
25.10 52.8 4.47
27.61 52.8 3.41
30.12 52.8 3.55
32.63 52.8 3.16
35.14 52.8 3.47
37.65 52.8 3.30
40.16 52.8 3.39
42.67 52.8 2.92
45.18 52.8 3.23
47.69 52.8 3.25
50.20 52.8 3.86
52.71 52.8 3.22
55.22 52.8 3.69
57.73 52.8 3.80
60.24 52.8 3.79
62.75 52.8 3.63
 2.51 56.1 4.23
 5.02 56.1 3.87
 7.53 56.1 4.23
10.04 56.1 4.58
12.55 56.1 3.19
15.06 56.1 3.49
17.57 56.1 3.91
20.08 56.1 4.41
22.59 56.1 4.21
25.10 56.1 4.61
27.61 56.1 4.27
30.12 56.1 4.06
32.63 56.1 3.75
35.14 56.1 3.91
37.65 56.1 3.51
40.16 56.1 3.45
42.67 56.1 3.05
45.18 56.1 3.68
47.69 56.1 3.52
50.20 56.1 3.91
52.71 56.1 3.87
55.22 56.1 3.87
57.73 56.1 4.21
60.24 56.1 3.68
62.75 56.1 4.06
 2.51 59.4 4.38
 5.02 59.4 4.12
 7.53 59.4 4.39
10.04 59.4 3.92
12.55 59.4 4.84
15.06 59.4 3.94
17.57 59.4 4.38
20.08 59.4 4.24
22.59 59.4 3.96
25.10 59.4 4.29
27.61 59.4 4.52
30.12 59.4 4.19
32.63 59.4 4.49
35.14 59.4 3.82
37.65 59.4 3.60
40.16 59.4 3.14
42.67 59.4 2.73
45.18 59.4 3.09
47.69 59.4 3.66
50.20 59.4 3.77
52.71 59.4 3.48
55.22 59.4 3.76
57.73 59.4 3.69
60.24 59.4 3.84
62.75 59.4 3.67
 2.51 62.7 3.85
 5.02 62.7 4.28
 7.53 62.7 4.69
10.04 62.7 5.16
12.55 62.7 4.46
15.06 62.7 4.41
17.57 62.7 4.68
20.08 62.7 4.37
22.59 62.7 4.15
25.10 62.7 4.91
27.61 62.7 4.68
30.12 62.7 5.13
32.63 62.7 4.19
35.14 62.7 4.41
37.65 62.7 3.54
40.16 62.7 3.01
42.67 62.7 2.85
45.18 62.7 3.36
47.69 62.7 3.85
50.20 62.7 4.15
52.71 62.7 3.93
55.22 62.7 3.91
57.73 62.7 4.33
60.24 62.7 4.21
62.75 62.7 4.19
 2.51 66.0 3.61
 5.02 66.0 4.22
 7.53 66.0 4.42
10.04 66.0 5.09
12.55 66.0 3.66
15.06 66.0 4.22
17.57 66.0 4.06
20.08 66.0 3.97
22.59 66.0 3.89
25.10 66.0 4.46
27.61 66.0 4.44
30.12 66.0 4.52
32.63 66.0 3.70
35.14 66.0 4.28
37.65 66.0 3.24
40.16 66.0 3.29
42.67 66.0 3.48
45.18 66.0 3.49
47.69 66.0 3.68
50.20 66.0 3.36
52.71 66.0 3.71
55.22 66.0 3.54
57.73 66.0 3.59
60.24 66.0 3.76
62.75 66.0 3.36
